13
32767 5     32767 32767 47    32767 32767 32767 32767 32767 32767 26    32767
32767 32767 41    3     32767 32767 32767 32767 32767 32767 32767 32767 32767
32767 32767 32767 94    32767 32767 32767 32767 32767 32767 32767 32767 32767
32767 32767 32767 32767 47    32767 32767 32767 32767 32767 32767 32767 32767
32767 32767 32767 32767 32767 66    32767 32767 32767 32767 32767 32767 32767
32767 32767 32767 32767 32767 32767 46    32767 32767 5     32767 32767 32767
32767 32767 32767 32767 32767 32767 32767 11    32767 32767 32767 32767 32767
88    32767 32767 32767 32767 32767 32767 32767 73    32767 32767 32767 32767
32767 32767 32767 61    32767 32767 32767 32767 32767 77    32767 32767 32767
32767 32767 32767 32767 32767 32767 32767 32767 32767 32767 19    83    32767
2     32767 32767 32767 32767 32767 32767 32767 32767 32767 32767 80    32767
32767 23    32767 32767 32767 32767 32767 32767 32767 32767 32767 32767 72
32767 23    32767 32767 32767 24    32767 32767 32767 32767 32767 32767 32767