13
32767 64    32767 32767 40    32767 32767 32767 32767 32767 32767 51    32767
32767 32767 75    89    32767 32767 32767 32767 32767 32767 32767 32767 32767
32767 32767 32767 14    32767 32767 32767 32767 32767 32767 32767 32767 32767
32767 32767 32767 32767 47    32767 32767 32767 32767 32767 32767 32767 32767
32767 32767 32767 32767 32767 36    32767 32767 32767 32767 32767 32767 32767
32767 32767 32767 32767 32767 32767 1     32767 32767 1     32767 32767 32767
32767 32767 32767 32767 32767 32767 32767 41    32767 32767 32767 32767 32767
71    32767 32767 32767 32767 32767 32767 32767 29    32767 32767 32767 32767
32767 32767 32767 65    32767 32767 32767 32767 32767 52    32767 32767 32767
32767 32767 32767 32767 32767 32767 32767 32767 32767 32767 35    50    32767
52    32767 32767 32767 32767 32767 32767 32767 32767 32767 32767 95    32767
32767 60    32767 32767 32767 32767 32767 32767 32767 32767 32767 32767 19
32767 24    32767 32767 32767 28    32767 32767 32767 32767 32767 32767 32767