13
32767 95    32767 32767 36    32767 32767 32767 32767 32767 32767 42    32767
32767 32767 92    29    32767 32767 32767 32767 32767 32767 32767 32767 32767
32767 32767 32767 11    32767 32767 32767 32767 32767 32767 32767 32767 32767
32767 32767 32767 32767 16    32767 32767 32767 32767 32767 32767 32767 32767
32767 32767 32767 32767 32767 24    32767 32767 32767 32767 32767 32767 32767
32767 32767 32767 32767 32767 32767 2     32767 32767 54    32767 32767 32767
32767 32767 32767 32767 32767 32767 32767 77    32767 32767 32767 32767 32767
21    32767 32767 32767 32767 32767 32767 32767 35    32767 32767 32767 32767
32767 32767 32767 62    32767 32767 32767 32767 32767 27    32767 32767 32767
32767 32767 32767 32767 32767 32767 32767 32767 32767 32767 2     21    32767
52    32767 32767 32767 32767 32767 32767 32767 32767 32767 32767 39    32767
32767 23    32767 32767 32767 32767 32767 32767 32767 32767 32767 32767 3
32767 93    32767 32767 32767 74    32767 32767 32767 32767 32767 32767 32767